rue_10_1.tsp: [0, 2, 9, 5, 6, 7, 1, 3, 8, 4, 0] | Total Distance: 106
rue_10_10.tsp: [0, 9, 6, 1, 2, 8, 5, 4, 7, 3, 0] | Total Distance: 119
rue_10_2.tsp: [0, 9, 4, 7, 3, 2, 1, 6, 8, 5, 0] | Total Distance: 117
rue_10_3.tsp: [0, 9, 8, 6, 4, 3, 1, 7, 5, 2, 0] | Total Distance: 128
rue_10_4.tsp: [0, 6, 1, 3, 2, 8, 7, 4, 9, 5, 0] | Total Distance: 115
rue_10_5.tsp: [0, 4, 8, 7, 9, 5, 3, 1, 6, 2, 0] | Total Distance: 105
rue_10_6.tsp: [0, 1, 6, 4, 7, 3, 9, 5, 8, 2, 0] | Total Distance: 111
rue_10_7.tsp: [0, 4, 7, 3, 1, 9, 5, 8, 6, 2, 0] | Total Distance: 112
rue_10_8.tsp: [0, 1, 5, 6, 8, 4, 2, 3, 7, 9, 0] | Total Distance: 131
rue_10_9.tsp: [0, 1, 8, 9, 3, 5, 6, 2, 7, 4, 0] | Total Distance: 119
rue_15_1.tsp: [0, 13, 1, 11, 8, 2, 14, 7, 10, 9, 6, 4, 3, 5, 12, 0] | Total Distance: 128
rue_15_10.tsp: [0, 5, 14, 7, 4, 10, 2, 1, 6, 13, 9, 8, 12, 3, 11, 0] | Total Distance: 140
rue_15_2.tsp: [0, 6, 3, 4, 10, 1, 5, 12, 13, 2, 11, 7, 9, 14, 8, 0] | Total Distance: 124
rue_15_3.tsp: [0, 12, 8, 14, 10, 11, 1, 4, 6, 5, 13, 7, 3, 9, 2, 0] | Total Distance: 115
rue_15_4.tsp: [0, 4, 13, 2, 14, 12, 10, 7, 1, 11, 9, 6, 5, 8, 3, 0] | Total Distance: 156
rue_15_5.tsp: [0, 13, 7, 2, 5, 11, 8, 14, 4, 3, 12, 9, 6, 1, 10, 0] | Total Distance: 115
rue_15_6.tsp: [0, 4, 12, 6, 3, 1, 9, 14, 10, 8, 2, 13, 11, 7, 5, 0] | Total Distance: 126
rue_15_7.tsp: [0, 11, 3, 12, 2, 1, 13, 6, 9, 8, 5, 14, 4, 10, 7, 0] | Total Distance: 99
rue_15_8.tsp: [0, 13, 8, 5, 9, 2, 14, 1, 10, 11, 4, 12, 6, 3, 7, 0] | Total Distance: 132
rue_15_9.tsp: [0, 11, 12, 1, 14, 2, 6, 5, 3, 4, 13, 10, 8, 7, 9, 0] | Total Distance: 127
rue_20_1.tsp: [0, 3, 13, 19, 2, 9, 4, 10, 15, 12, 11, 6, 7, 8, 14, 1, 5, 17, 18, 16, 0] | Total Distance: 165
rue_20_10.tsp: [0, 18, 15, 3, 11, 1, 9, 14, 4, 17, 8, 16, 10, 5, 19, 2, 12, 13, 6, 7, 0] | Total Distance: 148
rue_20_2.tsp: [0, 13, 12, 14, 8, 18, 4, 11, 15, 5, 16, 19, 6, 10, 1, 17, 2, 9, 3, 7, 0] | Total Distance: 131
rue_20_3.tsp: [0, 4, 14, 12, 1, 13, 17, 10, 3, 15, 18, 11, 16, 9, 2, 19, 8, 5, 7, 6, 0] | Total Distance: 163
rue_20_4.tsp: [0, 14, 7, 2, 8, 13, 15, 10, 11, 18, 6, 12, 17, 16, 9, 19, 3, 5, 4, 1, 0] | Total Distance: 145
rue_20_5.tsp: [0, 15, 19, 8, 1, 3, 7, 18, 2, 9, 10, 14, 16, 6, 12, 11, 5, 13, 4, 17, 0] | Total Distance: 153
rue_20_6.tsp: [0, 6, 12, 17, 1, 2, 3, 9, 13, 15, 4, 10, 8, 7, 14, 11, 19, 16, 18, 5, 0] | Total Distance: 140
rue_20_7.tsp: [0, 18, 17, 19, 3, 10, 4, 12, 16, 13, 2, 7, 11, 9, 8, 15, 1, 6, 14, 5, 0] | Total Distance: 158
rue_20_8.tsp: [0, 2, 16, 14, 3, 6, 4, 5, 17, 9, 15, 1, 12, 11, 13, 19, 8, 7, 10, 18, 0] | Total Distance: 153
rue_20_9.tsp: [0, 12, 19, 11, 5, 2, 17, 4, 10, 15, 1, 9, 16, 6, 3, 14, 8, 18, 13, 7, 0] | Total Distance: 152
rue_25_1.tsp: [0, 16, 15, 14, 18, 4, 24, 1, 20, 11, 21, 5, 22, 6, 23, 7, 8, 3, 9, 2, 10, 13, 12, 17, 19, 0] | Total Distance: 165
rue_25_10.tsp: [0, 23, 3, 8, 22, 4, 19, 14, 1, 6, 9, 17, 13, 11, 12, 5, 21, 16, 15, 10, 20, 2, 7, 24, 18, 0] | Total Distance: 146
rue_25_2.tsp: [0, 14, 23, 16, 6, 13, 19, 18, 20, 10, 3, 4, 5, 7, 22, 12, 8, 9, 11, 17, 1, 24, 21, 15, 2, 0] | Total Distance: 163
rue_25_3.tsp: [0, 21, 1, 15, 18, 4, 24, 12, 22, 14, 10, 5, 6, 23, 19, 13, 2, 16, 17, 8, 11, 3, 7, 20, 9, 0] | Total Distance: 162
rue_25_4.tsp: [0, 8, 18, 19, 6, 22, 21, 7, 13, 23, 24, 9, 2, 4, 5, 3, 12, 11, 16, 10, 17, 1, 20, 15, 14, 0] | Total Distance: 154
rue_25_5.tsp: [0, 6, 15, 23, 8, 12, 22, 14, 2, 19, 24, 16, 5, 21, 17, 3, 13, 11, 18, 4, 10, 9, 7, 20, 1, 0] | Total Distance: 180
rue_25_6.tsp: [0, 21, 7, 13, 2, 23, 3, 1, 6, 19, 10, 11, 12, 22, 4, 9, 8, 20, 17, 14, 15, 16, 24, 18, 5, 0] | Total Distance: 153
rue_25_7.tsp: [0, 24, 2, 10, 13, 1, 14, 6, 19, 5, 17, 22, 12, 16, 23, 18, 8, 3, 20, 11, 15, 21, 4, 7, 9, 0] | Total Distance: 167
rue_25_8.tsp: [0, 24, 15, 14, 13, 18, 17, 3, 16, 20, 7, 11, 6, 23, 8, 22, 1, 21, 10, 5, 12, 4, 19, 9, 2, 0] | Total Distance: 160
rue_25_9.tsp: [0, 7, 1, 6, 8, 21, 20, 4, 2, 10, 24, 23, 9, 3, 5, 15, 16, 11, 18, 12, 17, 14, 19, 13, 22, 0] | Total Distance: 159
rue_30_1.tsp: [0, 25, 2, 28, 15, 6, 21, 27, 17, 3, 24, 9, 8, 1, 26, 18, 20, 12, 16, 19, 14, 29, 13, 4, 5, 22, 7, 11, 10, 23, 0] | Total Distance: 183
rue_30_10.tsp: [0, 12, 24, 15, 6, 3, 10, 22, 25, 5, 18, 7, 13, 26, 16, 28, 23, 19, 14, 11, 8, 29, 1, 27, 21, 20, 2, 9, 17, 4, 0] | Total Distance: 175
rue_30_2.tsp: [0, 9, 27, 3, 16, 10, 2, 20, 5, 12, 7, 24, 13, 29, 25, 23, 1, 11, 26, 21, 22, 14, 19, 18, 6, 28, 4, 15, 8, 17, 0] | Total Distance: 177
rue_30_3.tsp: [0, 15, 27, 19, 22, 26, 23, 2, 10, 5, 25, 11, 18, 9, 24, 8, 21, 7, 4, 6, 3, 28, 29, 14, 13, 17, 20, 12, 1, 16, 0] | Total Distance: 177
rue_30_4.tsp: [0, 9, 5, 6, 16, 3, 19, 20, 24, 14, 21, 8, 4, 11, 27, 23, 10, 28, 25, 15, 13, 7, 18, 29, 2, 17, 26, 12, 22, 1, 0] | Total Distance: 182
rue_30_5.tsp: [0, 1, 14, 5, 21, 11, 8, 12, 19, 29, 2, 27, 16, 28, 15, 25, 22, 18, 6, 13, 24, 23, 26, 17, 10, 9, 7, 4, 20, 3, 0] | Total Distance: 194
rue_30_6.tsp: [0, 21, 1, 26, 16, 5, 29, 20, 2, 25, 28, 22, 3, 4, 13, 15, 24, 8, 17, 12, 9, 7, 19, 14, 11, 18, 6, 27, 23, 10, 0] | Total Distance: 176
rue_30_7.tsp: [0, 18, 7, 11, 17, 27, 23, 24, 5, 14, 26, 9, 20, 22, 29, 12, 15, 25, 2, 8, 3, 28, 1, 21, 16, 4, 6, 10, 19, 13, 0] | Total Distance: 177
rue_30_8.tsp: [0, 24, 9, 25, 19, 8, 20, 2, 16, 3, 27, 23, 11, 13, 5, 26, 15, 7, 28, 4, 29, 12, 14, 18, 1, 6, 21, 17, 10, 22, 0] | Total Distance: 181
rue_30_9.tsp: [0, 25, 22, 27, 24, 15, 2, 9, 1, 12, 16, 18, 7, 10, 23, 26, 6, 29, 4, 19, 17, 21, 20, 5, 8, 3, 28, 11, 14, 13, 0] | Total Distance: 173
rue_5_1.tsp: [0, 1, 4, 2, 3, 0] | Total Distance: 94
rue_5_10.tsp: [0, 4, 2, 1, 3, 0] | Total Distance: 100
rue_5_2.tsp: [0, 2, 1, 3, 4, 0] | Total Distance: 71
rue_5_3.tsp: [0, 1, 2, 3, 4, 0] | Total Distance: 51
rue_5_4.tsp: [0, 4, 2, 3, 1, 0] | Total Distance: 103
rue_5_5.tsp: [0, 4, 3, 2, 1, 0] | Total Distance: 57
rue_5_6.tsp: [0, 3, 1, 2, 4, 0] | Total Distance: 60
rue_5_7.tsp: [0, 3, 1, 2, 4, 0] | Total Distance: 85
rue_5_8.tsp: [0, 2, 1, 3, 4, 0] | Total Distance: 90
rue_5_9.tsp: [0, 3, 2, 1, 4, 0] | Total Distance: 112
